55 271 272 383 536 1418 1419 1181 1182 02
44 444 445 1061 1062 708 976 977 06
45 363 364 952 953 973 971 1748 1749 985 986 1029 1017 1772 1773 1776 07
100 634 635 975 1365 1442 1968 2144 1366 1988 1989 2037 2256 723 724 727 1367 1368 1958 1959 2338 2353 2519 2488 2620 1199 1200 2297 08
73 260 631 712 713 10
64 619 1351 1352 1508 620 881 1602 1524 882 1584 1498 11
22 539 1043 1605 1604 1042 1622 1621 538 949 1653 1652 948 1563 1562 13
41 101 201 525 822 849 1552 821 850 1313 1312 524 810 1392 1446 1829 1391 809 1367 1456 1472 1529 1589 1366 14
31 448 1055 1504 1503 1054 1502 1501 447 1050 1488 1487 1049 1486 1485 15
43 411 929 1185 2060 2059 2368 1184 1338 1985 2310 2399 1984 1963 1302 2073 2017 928 1349 1446 2214 2213 2365 1348 2145 2465 2464 410 527 902 1562 2073 2392 2391 1561 2335 2334 901 924 1423 2130 2129 1422 1518 2105 2104 16
34 226 225 1065 1249 1528 1527 813 1457 1456 17
68 143 472 730 839 955 1297 1714 1433 954 1377 1445 1596 1713 1376 471 666 838 1273 1272 837 1240 1294 1239 1443 1442 142 476 873 1239 1443 1442 872 982 1651 1650 452 925 984 1433 1523 924 983 1640 18
13 132 272 426 820 1151 1381 1144 1264 793 1071 1070 425 794 925 924 1041 131 271 384 424 489 564 639 667 901 1113 1122 1181 383 563 638 666 898 1289 1620 1221 1488 1487 19
57 973 972 20
33 102 159 267 890 948 889 947 158 700 1020 699 922 1038 1037 21
25 395 939 1491 1490 938 1527 1526 394 740 1433 1432 739 1670 1697 1669 1696 30
31 324 610 1009 1094 1008 1171 609 1004 1093 1192 1003 323 647 659 820 31
45 310 558 557 716 309 553 680 715 1313 1312 552 1533 1532 32
102 701 700 1213 1392 1453 1517 1212 1313 33
20 502 637 672 744 913 1226 1342 636 871 1225 35
18 234 991 1496 1495 990 1528 1527 1669 233 600 1078 1188 1077 1659 37
21 436 638 773 772 1111 435 525 595 622 736 892 1285 1179 735 891 1196 1261 1284 1477 1476 40
54 179 410 796 1264 1263 1565 795 1257 1463 1539 1256 411 895 1427 1513 1426 896 1451 1450 41
73 549 588 1399 1516 1967 1966 2066 1398 2043 2042 2118 548 995 1414 2116 2528 2039 1413 1998 2198 2350 1997 994 1475 2382 2381 1474 42
52 451 971 1538 1537 970 1683 450 981 1536 1491 980 1535 1724 1458 44
64 138 665 1165 1164 664 1191 1190 1457 137 716 957 856 1049 1437 1436 715 46